-0.0000000463420120853278255262172743381838,
0.0000113153663862259552986980551403384254,
0.0000131697936363385784336917788683862796,
0.0000109570023884869067890349136895622451,
0.0000024313616164867214571802377792719696,
-0.0000064419948505768100214001134484753663,
-0.0000083467048362430182285517932250229478,
-0.0000015321883177455143480310021872337067,
0.0000075994613825855620626876368861601918,
0.0000097623436258949918134042791906246350,
0.0000018255272929489918243951092000076919,
-0.0000091755650876465715475938447753812000,
-0.0000120295541615645076909341462667590861,
-0.0000025624363171629527759676388243281764,
0.0000109678828274380152596424384259243823,
0.0000148397231895602755880362796925275859,
0.0000036093898433428186013399632109388548,
-0.0000129710147499431949224841381651529559,
-0.0000181565496419139601005400541655632196,
-0.0000049484163518721191457540482805388393,
0.0000151971518039210574068081233134464014,
0.0000220020252784815551773921205036543824,
0.0000065950251958052966513206330501084551,
-0.0000176635516687745050860239987011723883,
-0.0000264197529643028116612749056635323086,
-0.0000085783853134036419901386344433191766,
0.0000203866696900939655366646885426007429,
0.0000314591412456114507016288750484989123,
0.0000109345477610202805254660876621564114,
-0.0000233809773741311856395334173308597769,
-0.0000371760838028541734548264308113374454,
-0.0000137085934965043238842937606269956063,
0.0000266600528841711486237840700308510122,
0.0000436323516837673654731634409476015435,
0.0000169466420383805294557193893423274744,
-0.0000302410132086760697971931227678865639,
-0.0000508904572564184410590933105300592842,
-0.0000206964487808437855114428172154106278,
0.0000341366008560008520858648772833277008,
0.0000590154300561636100731256748819220093,
0.0000250144338293459870755947732634538738,
-0.0000383604059649260081626097329543512160,
-0.0000680820696906751088436568486450539694,
-0.0000299586935234476309686691558598070628,
0.0000429285852531802484752243564969376166,
0.0000781604607774560232414870486472580069,
0.0000355876925589116303362026416667873718,
-0.0000478516246634305261113510876480603429,
-0.0000893313152958712553431547265248013900,
-0.0000419740511175947913959788371229819859,
0.0000531455870377337585472830860933157737,
0.0001016777735718510622094437612084050215,
0.0000491810345636915920933956991589752761,
-0.0000588205582879643636726001154624299261,
-0.0001152820936857352476442861721750432480,
-0.0000572916843486004297202399127009186941,
0.0000648899123080756506064259436783459023,
0.0001302367483229006255626009069814585928,
0.0000663779204698825031107090044457663680,
-0.0000713581229560689139909332445732559336,
-0.0001466329955739276884926075572579406980,
-0.0000765296787108668715143150462765220254,
0.0000782411955383421897636253561358898878,
0.0001645628469061468973546474847680087805,
0.0000878360674571748869078960386680421379,
-0.0000855418641712189721688919252784444325,
-0.0001841275639313387133509658522001473102,
-0.0001003861826309450187974178780869749517,
0.0000932682881344050907640452763303073880,
0.0002054321564991048478226315365802179258,
0.0001142799380266124341159680866120140763,
-0.0001014267411458801422226641553159254272,
-0.0002285820400620966670081346538978550598,
-0.0001296200270190750697234249866340860535,
0.0001100222747545368418443240132731375525,
0.0002536889145140921271101563938543677068,
0.0001465154641139480948697909612477019436,
-0.0001190596107341750108966904608820414069,
-0.0002808704745721180527640026269864392816,
-0.0001650821182057175286455458218526359815,
0.0001285397221889319444455140883931676399,
0.0003102457693276565475239137104068731787,
0.0001854418885829420379947329866610061799,
-0.0001384604140685672475554607308012577960,
-0.0003419387359804391002954249145773246710,
-0.0002077221495886414693622656901794698570,
0.0001488198950336485542125797287837940530,
0.0003760769362259505882266352738696468805,
0.0002320536957282309895467947713498801932,
-0.0001596159626445531234516933549727468744,
-0.0004127937204814863779434030988113590865,
-0.0002585758508546401996351649099636915707,
0.0001708460768864381311600564306019123251,
0.0004522321441764435732621474350878543191,
0.0002874362720097625506152083652011697268,
-0.0001825063228623620393241411274942720411,
-0.0004945401981169983028283065884522784472,
-0.0003187937985868683952138391557440399993,
0.0001945857146024128011847081909380108300,
0.0005398717741366537963693117418984002143,
0.0003528162659024709313197731841427184918,
-0.0002070703197432926146066833883452318332,
-0.0005883821392848917041645817604944568302,
-0.0003896770880325186692076655514682670400,
0.0002199400280278698588572183769684897925,
0.0006402236653154315306618604708432940242,
0.0004295353552855385513391250906778395802,
-0.0002332153112570244633556387769957041201,
-0.0006956101312733520411132892569128216564,
-0.0004726248040968627638254428990904898455,
0.0002468414607389166136146296803843824819,
0.0007546964466587342086276168906522343605,
0.0005191264359708701531595509415240030648,
-0.0002608220660191538659705701164170932316,
-0.0008176919588581417052547406498774762440,
-0.0005692683625035670387515285284507626784,
0.0002751330367236784024513596147443195150,
0.0008848065708183790265689561138628960180,
0.0006232844886031869806319871685218458879,
-0.0002897527954749190624676724592490018040,
-0.0009562640352737344180342193844523990265,
-0.0006814277625688318308291857583469663950,
0.0003046606035879775593172569259081683413,
0.0010323055230649542685777975137284556695,
0.0007439694536653599764991495746357941243,
-0.0003198307405591941602468475380760537519,
-0.0011131916587902206464133492147539072903,
-0.0008112019641876854229509130611575073999,
0.0003352370262449451301760283694619602102,
0.0011992053186791122414145416286146428320,
0.0008834429997576923390689707105138950283,
-0.0003508519079401498270975867654897228931,
-0.0012906532304355761153757953252352308482,
-0.0009610378356103921673736500963514117757,
0.0003666463256663624070176565883372177268,
0.0013878728911437749390239693170201462635,
0.0010443647342178352839525690143318570335,
-0.0003825897546681098155066380606115217233,
-0.0014912354570046869577798487327413567982,
-0.0011338390742554002067754570504121147678,
0.0003986496217358401097756448461240097458,
0.0016011510754527099285871027944949673838,
0.0012299193578436157410493922981231662561,
-0.0004147924506833533574504113694558782299,
-0.0017180772382195477494121194084186754480,
-0.0013331138360951754352062836872505613428,
0.0004309840793387868210402580348983292424,
0.0018425266070056980222124920487658528145,
0.0014439918278604702180090146867996736546,
-0.0004471881065189305592619262164078008936,
-0.0019750759195039800826532161437398826820,
-0.0015631896842163660581864759180348301015,
0.0004633688543023174451034040810526448695,
0.0021163800434554134836939720543114162865,
0.0016914289589859330103366330533276595816,
-0.0004794881225791812625301735462102215024,
-0.0022671849604940928941954059183672143263,
-0.0018295272824890758140564672729055928357,
0.0004955084789621287200481192236622973724,
0.0024283464892998563380843712877776852110,
0.0019784209543017754542870711986779497238,
-0.0005113904904671036930410843446281887736,
-0.0026008527111201812549723388912070731749,
-0.0021391867297738237883863998689548679977,
0.0005270946009886514011313907168698733585,
0.0027858499833363645561967736341557611013,
0.0023130710036616168936984827553260402055,
-0.0005425837066350015086557689869550813455,
-0.0029846834325677152818800941247445734916,
-0.0025015321784319297093723832858813693747,
0.0005578145780097370880212803712083768914,
0.0031989307576396099064286460134098888375,
0.0027062790396728117134350632966288685566,
-0.0005727522949483022669109333335768496909,
-0.0034304713357280868651910665789728227537,
-0.0029293430660633080868382460693055691081,
0.0005873553914657025356790831516207163077,
0.0036815490164326968892949398792779902578,
0.0031731498917859980203604042259257767000,
-0.0006015835050853655030164701678074834490,
-0.0039548677722415666313526827480018255301,
-0.0034406233345206710047547993269745347789,
0.0006153994579207603191073339132799446816,
0.0042537210004587990355706672573887772160,
0.0037353249060397691883039783533604349941,
-0.0006287659263969094759413880346698988433,
-0.0045821583716029326907581697980731405551,
-0.0040616389340801771490330196456852718256,
0.0006416466861992600138192566205930233991,
0.0049452130733784582100609483745756733697,
0.0044250275602692821369510411955161544029,
-0.0006540049879709354443274582635581282375,
-0.0053492151999280541929682186719219316728,
-0.0048323804484272292122937209057909058174,
0.0006658053432975978135760497522710466001,
0.0058022369835841712537582992581519647501,
0.0052925145608876669398035197389162931358,
-0.0006770135436157243393265336983688484906,
-0.0063147316750340222457626992991208680905,
-0.0058168997906611090084605386607563559664,
0.0006875992137021193694942922114421435253,
0.0069004778654731821832535310079492774094,
0.0064207378128256567539899890562082873657,
-0.0006975327009988560242326194327233679360,
-0.0075780042691506429089476348792686621891,
-0.0071246120298410929236321287305599980755,
0.0007067850828958298792931147502827116114,
0.0083728167509232714199596259163627109956,
0.0079570934761730993667327993534854613245,
-0.0007153225449242955804457499979776002874,
-0.0093209983678582079141827776425088813994,
-0.0089590039154395142290132625362275575753,
0.0007231303666257405055386997538846571842,
0.0104753480755247034561516983330875518732,
0.0101908107140108814686607630051184969489,
-0.0007301780556738713843720200991072033503,
-0.0119162379870706956752623995043904869817,
-0.0117459796146548948320154082125554850791,
0.0007364480481041424213273227650233820896,
0.0137723299408053084791347941973072011024,
0.0137770585126731175129588535810398752801,
-0.0007419204732623724046422508671128071001,
-0.0162631684914534557773180267759016714990,
-0.0165510579664986945402915807790122926235,
0.0007465791358670297939506554918409619859,
0.0197965618989165322016976489294393104501,
0.0205815312288766469328571417918283259496,
-0.0007504100201970025649580997573195872974,
-0.0252253079518700330796665554089486249723,
-0.0269983925666599546000501419484862708487,
0.0007534016142425437696436563150825804769,
0.0346815479394473047403124610355007462204,
0.0388686988697103941170496455015381798148,
-0.0007555452613822597396006641723431584978,
-0.0554148002888148819011782109100749948993,
-0.0684609415307638469183615370639017783105,
0.0007568339860403972777641579128271587251,
0.1381722857882967947507069084167596884072,
0.2752666006292365241669983788597164675593,
0.3325760695934886213009917810268234461546,
0.2752666006292365241669983788597164675593,
0.1381722857882967947507069084167596884072,
0.0007568339860403972777641579128271587251,
-0.0684609415307638469183615370639017783105,
-0.0554148002888148819011782109100749948993,
-0.0007555452613822597396006641723431584978,
0.0388686988697103941170496455015381798148,
0.0346815479394473047403124610355007462204,
0.0007534016142425437696436563150825804769,
-0.0269983925666599546000501419484862708487,
-0.0252253079518700330796665554089486249723,
-0.0007504100201970025649580997573195872974,
0.0205815312288766469328571417918283259496,
0.0197965618989165322016976489294393104501,
0.0007465791358670297939506554918409619859,
-0.0165510579664986945402915807790122926235,
-0.0162631684914534557773180267759016714990,
-0.0007419204732623724046422508671128071001,
0.0137770585126731175129588535810398752801,
0.0137723299408053084791347941973072011024,
0.0007364480481041424213273227650233820896,
-0.0117459796146548948320154082125554850791,
-0.0119162379870706956752623995043904869817,
-0.0007301780556738713843720200991072033503,
0.0101908107140108814686607630051184969489,
0.0104753480755247034561516983330875518732,
0.0007231303666257405055386997538846571842,
-0.0089590039154395142290132625362275575753,
-0.0093209983678582079141827776425088813994,
-0.0007153225449242955804457499979776002874,
0.0079570934761730993667327993534854613245,
0.0083728167509232714199596259163627109956,
0.0007067850828958298792931147502827116114,
-0.0071246120298410929236321287305599980755,
-0.0075780042691506429089476348792686621891,
-0.0006975327009988560242326194327233679360,
0.0064207378128256567539899890562082873657,
0.0069004778654731821832535310079492774094,
0.0006875992137021193694942922114421435253,
-0.0058168997906611090084605386607563559664,
-0.0063147316750340222457626992991208680905,
-0.0006770135436157243393265336983688484906,
0.0052925145608876669398035197389162931358,
0.0058022369835841712537582992581519647501,
0.0006658053432975978135760497522710466001,
-0.0048323804484272292122937209057909058174,
-0.0053492151999280541929682186719219316728,
-0.0006540049879709354443274582635581282375,
0.0044250275602692821369510411955161544029,
0.0049452130733784582100609483745756733697,
0.0006416466861992600138192566205930233991,
-0.0040616389340801771490330196456852718256,
-0.0045821583716029326907581697980731405551,
-0.0006287659263969094759413880346698988433,
0.0037353249060397691883039783533604349941,
0.0042537210004587990355706672573887772160,
0.0006153994579207603191073339132799446816,
-0.0034406233345206710047547993269745347789,
-0.0039548677722415666313526827480018255301,
-0.0006015835050853655030164701678074834490,
0.0031731498917859980203604042259257767000,
0.0036815490164326968892949398792779902578,
0.0005873553914657025356790831516207163077,
-0.0029293430660633080868382460693055691081,
-0.0034304713357280868651910665789728227537,
-0.0005727522949483022669109333335768496909,
0.0027062790396728117134350632966288685566,
0.0031989307576396099064286460134098888375,
0.0005578145780097370880212803712083768914,
-0.0025015321784319297093723832858813693747,
-0.0029846834325677152818800941247445734916,
-0.0005425837066350015086557689869550813455,
0.0023130710036616168936984827553260402055,
0.0027858499833363645561967736341557611013,
0.0005270946009886514011313907168698733585,
-0.0021391867297738237883863998689548679977,
-0.0026008527111201812549723388912070731749,
-0.0005113904904671036930410843446281887736,
0.0019784209543017754542870711986779497238,
0.0024283464892998563380843712877776852110,
0.0004955084789621287200481192236622973724,
-0.0018295272824890758140564672729055928357,
-0.0022671849604940928941954059183672143263,
-0.0004794881225791812625301735462102215024,
0.0016914289589859330103366330533276595816,
0.0021163800434554134836939720543114162865,
0.0004633688543023174451034040810526448695,
-0.0015631896842163660581864759180348301015,
-0.0019750759195039800826532161437398826820,
-0.0004471881065189305592619262164078008936,
0.0014439918278604702180090146867996736546,
0.0018425266070056980222124920487658528145,
0.0004309840793387868210402580348983292424,
-0.0013331138360951754352062836872505613428,
-0.0017180772382195477494121194084186754480,
-0.0004147924506833533574504113694558782299,
0.0012299193578436157410493922981231662561,
0.0016011510754527099285871027944949673838,
0.0003986496217358401097756448461240097458,
-0.0011338390742554002067754570504121147678,
-0.0014912354570046869577798487327413567982,
-0.0003825897546681098155066380606115217233,
0.0010443647342178352839525690143318570335,
0.0013878728911437749390239693170201462635,
0.0003666463256663624070176565883372177268,
-0.0009610378356103921673736500963514117757,
-0.0012906532304355761153757953252352308482,
-0.0003508519079401498270975867654897228931,
0.0008834429997576923390689707105138950283,
0.0011992053186791122414145416286146428320,
0.0003352370262449451301760283694619602102,
-0.0008112019641876854229509130611575073999,
-0.0011131916587902206464133492147539072903,
-0.0003198307405591941602468475380760537519,
0.0007439694536653599764991495746357941243,
0.0010323055230649542685777975137284556695,
0.0003046606035879775593172569259081683413,
-0.0006814277625688318308291857583469663950,
-0.0009562640352737344180342193844523990265,
-0.0002897527954749190624676724592490018040,
0.0006232844886031869806319871685218458879,
0.0008848065708183790265689561138628960180,
0.0002751330367236784024513596147443195150,
-0.0005692683625035670387515285284507626784,
-0.0008176919588581417052547406498774762440,
-0.0002608220660191538659705701164170932316,
0.0005191264359708701531595509415240030648,
0.0007546964466587342086276168906522343605,
0.0002468414607389166136146296803843824819,
-0.0004726248040968627638254428990904898455,
-0.0006956101312733520411132892569128216564,
-0.0002332153112570244633556387769957041201,
0.0004295353552855385513391250906778395802,
0.0006402236653154315306618604708432940242,
0.0002199400280278698588572183769684897925,
-0.0003896770880325186692076655514682670400,
-0.0005883821392848917041645817604944568302,
-0.0002070703197432926146066833883452318332,
0.0003528162659024709313197731841427184918,
0.0005398717741366537963693117418984002143,
0.0001945857146024128011847081909380108300,
-0.0003187937985868683952138391557440399993,
-0.0004945401981169983028283065884522784472,
-0.0001825063228623620393241411274942720411,
0.0002874362720097625506152083652011697268,
0.0004522321441764435732621474350878543191,
0.0001708460768864381311600564306019123251,
-0.0002585758508546401996351649099636915707,
-0.0004127937204814863779434030988113590865,
-0.0001596159626445531234516933549727468744,
0.0002320536957282309895467947713498801932,
0.0003760769362259505882266352738696468805,
0.0001488198950336485542125797287837940530,
-0.0002077221495886414693622656901794698570,
-0.0003419387359804391002954249145773246710,
-0.0001384604140685672475554607308012577960,
0.0001854418885829420379947329866610061799,
0.0003102457693276565475239137104068731787,
0.0001285397221889319444455140883931676399,
-0.0001650821182057175286455458218526359815,
-0.0002808704745721180527640026269864392816,
-0.0001190596107341750108966904608820414069,
0.0001465154641139480948697909612477019436,
0.0002536889145140921271101563938543677068,
0.0001100222747545368418443240132731375525,
-0.0001296200270190750697234249866340860535,
-0.0002285820400620966670081346538978550598,
-0.0001014267411458801422226641553159254272,
0.0001142799380266124341159680866120140763,
0.0002054321564991048478226315365802179258,
0.0000932682881344050907640452763303073880,
-0.0001003861826309450187974178780869749517,
-0.0001841275639313387133509658522001473102,
-0.0000855418641712189721688919252784444325,
0.0000878360674571748869078960386680421379,
0.0001645628469061468973546474847680087805,
0.0000782411955383421897636253561358898878,
-0.0000765296787108668715143150462765220254,
-0.0001466329955739276884926075572579406980,
-0.0000713581229560689139909332445732559336,
0.0000663779204698825031107090044457663680,
0.0001302367483229006255626009069814585928,
0.0000648899123080756506064259436783459023,
-0.0000572916843486004297202399127009186941,
-0.0001152820936857352476442861721750432480,
-0.0000588205582879643636726001154624299261,
0.0000491810345636915920933956991589752761,
0.0001016777735718510622094437612084050215,
0.0000531455870377337585472830860933157737,
-0.0000419740511175947913959788371229819859,
-0.0000893313152958712553431547265248013900,
-0.0000478516246634305261113510876480603429,
0.0000355876925589116303362026416667873718,
0.0000781604607774560232414870486472580069,
0.0000429285852531802484752243564969376166,
-0.0000299586935234476309686691558598070628,
-0.0000680820696906751088436568486450539694,
-0.0000383604059649260081626097329543512160,
0.0000250144338293459870755947732634538738,
0.0000590154300561636100731256748819220093,
0.0000341366008560008520858648772833277008,
-0.0000206964487808437855114428172154106278,
-0.0000508904572564184410590933105300592842,
-0.0000302410132086760697971931227678865639,
0.0000169466420383805294557193893423274744,
0.0000436323516837673654731634409476015435,
0.0000266600528841711486237840700308510122,
-0.0000137085934965043238842937606269956063,
-0.0000371760838028541734548264308113374454,
-0.0000233809773741311856395334173308597769,
0.0000109345477610202805254660876621564114,
0.0000314591412456114507016288750484989123,
0.0000203866696900939655366646885426007429,
-0.0000085783853134036419901386344433191766,
-0.0000264197529643028116612749056635323086,
-0.0000176635516687745050860239987011723883,
0.0000065950251958052966513206330501084551,
0.0000220020252784815551773921205036543824,
0.0000151971518039210574068081233134464014,
-0.0000049484163518721191457540482805388393,
-0.0000181565496419139601005400541655632196,
-0.0000129710147499431949224841381651529559,
0.0000036093898433428186013399632109388548,
0.0000148397231895602755880362796925275859,
0.0000109678828274380152596424384259243823,
-0.0000025624363171629527759676388243281764,
-0.0000120295541615645076909341462667590861,
-0.0000091755650876465715475938447753812000,
0.0000018255272929489918243951092000076919,
0.0000097623436258949918134042791906246350,
0.0000075994613825855620626876368861601918,
-0.0000015321883177455143480310021872337067,
-0.0000083467048362430182285517932250229478,
-0.0000064419948505768100214001134484753663,
0.0000024313616164867214571802377792719696,
0.0000109570023884869067890349136895622451,
0.0000131697936363385784336917788683862796,
0.0000113153663862259552986980551403384254,
-0.0000000463420120853278255262172743381838